10 4
0 1 11.17945
0 2 12.18565
0 3 15.82056
0 4 7.17287
0 5 12.63171
0 6 10.45706
0 7 12.37497
0 8 12.13219
0 9 13.07364
1 2 9.98549
1 3 10.31552
1 4 12.37619
1 5 9.99500
1 6 16.27913
1 7 14.32760
1 8 15.14761
1 9 11.19732
2 3 10.49571
2 4 11.66190
2 5 9.56400
2 6 16.53662
2 7 7.96555
2 8 11.51347
2 9 13.46143
3 4 15.61217
3 5 8.39107
3 6 19.08717
3 7 11.74947
3 8 13.90252
3 9 11.38640
4 5 10.80509
4 6 13.29887
4 7 13.54290
4 8 11.65933
4 9 12.26988
5 6 15.68534
5 7 12.19016
5 8 10.45132
5 9 7.18749
6 7 15.82625
6 8 13.96066
6 9 17.80983
7 8 12.44468
7 9 14.10106
8 9 15.58044